2.000000000000000000e+00
2.122448979591836871e+00
2.244897959183673297e+00
2.367346938775510168e+00
2.489795918367347038e+00
2.612244897959183909e+00
2.734693877551020336e+00
2.857142857142857206e+00
2.979591836734694077e+00
3.102040816326530503e+00
3.224489795918367374e+00
3.346938775510204245e+00
3.469387755102040671e+00
3.591836734693877542e+00
3.714285714285714413e+00
3.836734693877550839e+00
3.959183673469387710e+00
4.081632653061224580e+00
4.204081632653061007e+00
4.326530612244898322e+00
4.448979591836734748e+00
4.571428571428571175e+00
4.693877551020408490e+00
4.816326530612244916e+00
4.938775510204081343e+00
5.061224489795918657e+00
5.183673469387755084e+00
5.306122448979591510e+00
5.428571428571428825e+00
5.551020408163265252e+00
5.673469387755101678e+00
5.795918367346938993e+00
5.918367346938775420e+00
6.040816326530611846e+00
6.163265306122449161e+00
6.285714285714285587e+00
6.408163265306122014e+00
6.530612244897959329e+00
6.653061224489795755e+00
6.775510204081632182e+00
6.897959183673469497e+00
7.020408163265305923e+00
7.142857142857142350e+00
7.265306122448979664e+00
7.387755102040816091e+00
7.510204081632652517e+00
7.632653061224489832e+00
7.755102040816326259e+00
7.877551020408162685e+00
8.000000000000000000e+00
