3.769144123790871469e-15 6.011256574385381319e-17 1.468837650667698477e-16
6.416211253724232013e-15 1.057001097674710718e-16 2.351081877578444814e-16
1.149858097491009884e-14 1.859289986952976028e-16 3.764635648892808148e-16
1.994743315060970371e-14 3.272678207899649053e-16 6.032014353397353320e-16
3.535008207474891261e-14 5.767140903672012527e-16 9.676179430639561769e-16
6.249104453182448406e-14 1.018381351869979341e-15 1.555378616244539205e-15
1.174586852334763874e-13 1.804887269931662288e-15 2.509339491874312961e-15
2.023831176036358900e-13 3.220097158647715035e-15 4.075318060086844591e-15
3.272581725249060894e-13 5.815947816285757062e-15 6.700310748148317910e-15
1.179586591005373811e-12 1.075697570664901028e-14 1.128093005891926220e-14
1.640112224147536699e-12 2.092038637462055297e-14 1.997104408975797949e-14
3.422731231218646140e-11 4.635306828950316354e-14 4.027859882101807509e-14
4.438059898219773830e-11 2.317645515520514084e-13 1.832002022862277851e-13
7.110383226438329361e-11 1.798568220734377674e-11 3.790938227826708016e-11
4.965805781875051366e-11 1.808149608004493801e-11 3.141347085408092455e-11
5.082919933317950072e-11 1.550295888204463297e-11 2.736996000854257957e-11
6.006118298655072993e-11 1.654613686332456278e-11 2.401589398660799723e-11
6.540071087912198238e-11 1.473657701314629795e-11 2.062232919424785325e-11
8.076914896677674553e-11 1.623096561314070121e-11 1.759463178631780496e-11
8.794180073420337989e-11 1.262912166238227132e-11 1.457978834075313400e-11
9.836454988798028021e-11 9.203252147993225520e-12 1.208042554106944823e-11
1.134140952118194655e-10 6.784704855700240473e-12 1.001604062211071886e-11
1.210417764510709655e-10 6.215974318974237120e-12 8.300973034195616670e-12
1.070823218009790808e-10 3.791362335127309001e-12 6.784994889316761402e-12
5.460998201226018211e-11 2.970683333134146713e-12 3.074682145958541344e-12
4.989152510897337157e-11 2.016382499340585758e-12 2.543555494842084943e-12
4.521559812011086926e-11 1.583920544474628080e-12 1.820539762627029678e-12
3.638874370036380277e-11 5.163198679965997078e-13 1.133269352489820616e-12
2.373399540826473411e-11 3.166394375076504919e-13 6.407340472147080433e-13
2.661283330571439924e-12 3.168857967993942055e-14 4.305657673049275034e-15
1.623449414700525782e-12 1.676177753761961028e-14 2.442032734440785048e-15
1.434719511124345217e-12 1.470989134755649727e-14 1.951984780603694884e-15
1.260154544026382969e-12 1.094599779479096643e-14 1.320585075061074328e-15
1.276255982279343432e-12 7.711552606067434484e-15 8.475327183961318797e-16
1.291486257587371360e-12 5.870441284954189821e-15 5.878799884226763685e-16
1.063918099336638598e-12 4.556448846507410959e-15 4.159132729469973727e-16
1.314343155867417088e-12 3.371774337071313232e-15 2.794047508475163590e-16
1.112190356764290593e-12 2.549422538513386749e-15 1.921893948038790801e-16
1.162559717226916221e-12 1.909890209931085822e-15 1.314920630863569742e-16
1.198579051568595949e-12 1.442827895614135120e-15 9.030374939687418694e-17
9.486864465310561791e-13 1.090635322037021048e-15 6.216905632462693662e-17
1.077442533026548432e-12 8.220493293573875353e-16 4.263892421043683348e-17
1.086090046556073807e-12 6.241526706632687347e-16 2.927942582725218638e-17
1.153796049206652945e-12 4.682404075319123992e-16 2.012226772431534947e-17
