2.000000000000000000e+00
2.015037593984962516e+00
2.030075187969925032e+00
2.045112781954887105e+00
2.060150375939849621e+00
2.075187969924812137e+00
2.090225563909774209e+00
2.105263157894736725e+00
2.120300751879699241e+00
2.135338345864661758e+00
2.150375939849624274e+00
2.165413533834586346e+00
2.180451127819548862e+00
2.195488721804511378e+00
2.210526315789473450e+00
2.225563909774435967e+00
2.240601503759398483e+00
2.255639097744360999e+00
2.270676691729323515e+00
2.285714285714285587e+00
2.300751879699248104e+00
2.315789473684210620e+00
2.330827067669172692e+00
2.345864661654135208e+00
2.360902255639097724e+00
2.375939849624060241e+00
2.390977443609022757e+00
2.406015037593984829e+00
2.421052631578947345e+00
2.436090225563909861e+00
2.451127819548871933e+00
2.466165413533834450e+00
2.481203007518796966e+00
2.496240601503759482e+00
2.511278195488721998e+00
2.526315789473684070e+00
2.541353383458646586e+00
2.556390977443609103e+00
2.571428571428571175e+00
2.586466165413533691e+00
2.601503759398496207e+00
2.616541353383458723e+00
2.631578947368421240e+00
2.646616541353383312e+00
2.661654135338345828e+00
2.676691729323308344e+00
2.691729323308270416e+00
2.706766917293232932e+00
2.721804511278195449e+00
2.736842105263157965e+00
2.751879699248120481e+00
2.766917293233082553e+00
2.781954887218045069e+00
2.796992481203007586e+00
2.812030075187969658e+00
2.827067669172932174e+00
2.842105263157894690e+00
2.857142857142857206e+00
2.872180451127819723e+00
2.887218045112781795e+00
2.902255639097744311e+00
2.917293233082706827e+00
2.932330827067668899e+00
2.947368421052631415e+00
2.962406015037593932e+00
2.977443609022556448e+00
2.992481203007518964e+00
3.007518796992481036e+00
3.022556390977443552e+00
3.037593984962406068e+00
3.052631578947368141e+00
3.067669172932330657e+00
3.082706766917293173e+00
3.097744360902255689e+00
3.112781954887218205e+00
3.127819548872180277e+00
3.142857142857142794e+00
3.157894736842105310e+00
3.172932330827067382e+00
3.187969924812029898e+00
3.203007518796992414e+00
3.218045112781954931e+00
3.233082706766917447e+00
3.248120300751879519e+00
3.263157894736842035e+00
3.278195488721804551e+00
3.293233082706766623e+00
3.308270676691729140e+00
3.323308270676691656e+00
3.338345864661654172e+00
3.353383458646616688e+00
3.368421052631578760e+00
3.383458646616541277e+00
3.398496240601503793e+00
3.413533834586465865e+00
3.428571428571428381e+00
3.443609022556390897e+00
3.458646616541353414e+00
3.473684210526315930e+00
3.488721804511278002e+00
3.503759398496240518e+00
3.518796992481203034e+00
3.533834586466165106e+00
3.548872180451127623e+00
3.563909774436090139e+00
3.578947368421052655e+00
3.593984962406015171e+00
3.609022556390977243e+00
3.624060150375939759e+00
3.639097744360902276e+00
3.654135338345864348e+00
3.669172932330826864e+00
3.684210526315789380e+00
3.699248120300751896e+00
3.714285714285714413e+00
3.729323308270676485e+00
3.744360902255639001e+00
3.759398496240601517e+00
3.774436090225563589e+00
3.789473684210526105e+00
3.804511278195488622e+00
3.819548872180451138e+00
3.834586466165413654e+00
3.849624060150375726e+00
3.864661654135338242e+00
3.879699248120300759e+00
3.894736842105262831e+00
3.909774436090225347e+00
3.924812030075187863e+00
3.939849624060150379e+00
3.954887218045112895e+00
3.969924812030074968e+00
3.984962406015037484e+00
4.000000000000000000e+00
4.015037593984962072e+00
4.030075187969924144e+00
4.045112781954887105e+00
4.060150375939850065e+00
4.075187969924812137e+00
4.090225563909774209e+00
4.105263157894736281e+00
4.120300751879699241e+00
4.135338345864661314e+00
4.150375939849624274e+00
4.165413533834586346e+00
4.180451127819548418e+00
4.195488721804511378e+00
4.210526315789473450e+00
4.225563909774436411e+00
4.240601503759398483e+00
4.255639097744360555e+00
4.270676691729322627e+00
4.285714285714285587e+00
4.300751879699248548e+00
4.315789473684210620e+00
4.330827067669172692e+00
4.345864661654134764e+00
4.360902255639097724e+00
4.375939849624059796e+00
4.390977443609022757e+00
4.406015037593984829e+00
4.421052631578946901e+00
4.436090225563909861e+00
4.451127819548871933e+00
4.466165413533834894e+00
4.481203007518796966e+00
4.496240601503759038e+00
4.511278195488721110e+00
4.526315789473684070e+00
4.541353383458647031e+00
4.556390977443609103e+00
4.571428571428571175e+00
4.586466165413533247e+00
4.601503759398496207e+00
4.616541353383458279e+00
4.631578947368421240e+00
4.646616541353383312e+00
4.661654135338345384e+00
4.676691729323308344e+00
4.691729323308270416e+00
4.706766917293233377e+00
4.721804511278195449e+00
4.736842105263157521e+00
4.751879699248119593e+00
4.766917293233082553e+00
4.781954887218045513e+00
4.796992481203007586e+00
4.812030075187969658e+00
4.827067669172931730e+00
4.842105263157894690e+00
4.857142857142856762e+00
4.872180451127819723e+00
4.887218045112781795e+00
4.902255639097743867e+00
4.917293233082706827e+00
4.932330827067668899e+00
4.947368421052631859e+00
4.962406015037593932e+00
4.977443609022556004e+00
4.992481203007518076e+00
5.007518796992481036e+00
5.022556390977443996e+00
5.037593984962406068e+00
5.052631578947368141e+00
5.067669172932330213e+00
5.082706766917293173e+00
5.097744360902255245e+00
5.112781954887218205e+00
5.127819548872180277e+00
5.142857142857142350e+00
5.157894736842105310e+00
5.172932330827067382e+00
5.187969924812030342e+00
5.203007518796992414e+00
5.218045112781954487e+00
5.233082706766916559e+00
5.248120300751879519e+00
5.263157894736842479e+00
5.278195488721804551e+00
5.293233082706766623e+00
5.308270676691728696e+00
5.323308270676691656e+00
5.338345864661653728e+00
5.353383458646616688e+00
5.368421052631578760e+00
5.383458646616540832e+00
5.398496240601503793e+00
5.413533834586465865e+00
5.428571428571428825e+00
5.443609022556390897e+00
5.458646616541352969e+00
5.473684210526315042e+00
5.488721804511278002e+00
5.503759398496240962e+00
5.518796992481203034e+00
5.533834586466165106e+00
5.548872180451127178e+00
5.563909774436090139e+00
5.578947368421052211e+00
5.593984962406015171e+00
5.609022556390977243e+00
5.624060150375939315e+00
5.639097744360902276e+00
5.654135338345864348e+00
5.669172932330827308e+00
5.684210526315789380e+00
5.699248120300751452e+00
5.714285714285713524e+00
5.729323308270676485e+00
5.744360902255639445e+00
5.759398496240601517e+00
5.774436090225563589e+00
5.789473684210525661e+00
5.804511278195488622e+00
5.819548872180450694e+00
5.834586466165413654e+00
5.849624060150375726e+00
5.864661654135337798e+00
5.879699248120300759e+00
5.894736842105262831e+00
5.909774436090225791e+00
5.924812030075187863e+00
5.939849624060149935e+00
5.954887218045112007e+00
5.969924812030074968e+00
5.984962406015037928e+00
6.000000000000000000e+00
6.015037593984962072e+00
6.030075187969924144e+00
6.045112781954887105e+00
6.060150375939849177e+00
6.075187969924812137e+00
6.090225563909774209e+00
6.105263157894736281e+00
6.120300751879699241e+00
6.135338345864661314e+00
6.150375939849624274e+00
6.165413533834586346e+00
6.180451127819548418e+00
6.195488721804511378e+00
6.210526315789473450e+00
6.225563909774435523e+00
6.240601503759398483e+00
6.255639097744360555e+00
6.270676691729322627e+00
6.285714285714285587e+00
6.300751879699247660e+00
6.315789473684210620e+00
6.330827067669172692e+00
6.345864661654134764e+00
6.360902255639097724e+00
6.375939849624059796e+00
6.390977443609022757e+00
6.406015037593984829e+00
6.421052631578946901e+00
6.436090225563909861e+00
6.451127819548871933e+00
6.466165413533834005e+00
6.481203007518796966e+00
6.496240601503759038e+00
6.511278195488721110e+00
6.526315789473684070e+00
6.541353383458646142e+00
6.556390977443609103e+00
6.571428571428571175e+00
6.586466165413533247e+00
6.601503759398496207e+00
6.616541353383458279e+00
6.631578947368421240e+00
6.646616541353383312e+00
6.661654135338345384e+00
6.676691729323308344e+00
6.691729323308270416e+00
6.706766917293232488e+00
6.721804511278195449e+00
6.736842105263157521e+00
6.751879699248119593e+00
6.766917293233082553e+00
6.781954887218044625e+00
6.796992481203007586e+00
6.812030075187969658e+00
6.827067669172931730e+00
6.842105263157894690e+00
6.857142857142856762e+00
6.872180451127819723e+00
6.887218045112781795e+00
6.902255639097743867e+00
6.917293233082706827e+00
6.932330827067668899e+00
6.947368421052630971e+00
6.962406015037593932e+00
6.977443609022556004e+00
6.992481203007518076e+00
7.007518796992481036e+00
7.022556390977443108e+00
7.037593984962406068e+00
7.052631578947368141e+00
7.067669172932330213e+00
7.082706766917293173e+00
7.097744360902255245e+00
7.112781954887218205e+00
7.127819548872180277e+00
7.142857142857142350e+00
7.157894736842105310e+00
7.172932330827067382e+00
7.187969924812029454e+00
7.203007518796992414e+00
7.218045112781954487e+00
7.233082706766916559e+00
7.248120300751879519e+00
7.263157894736841591e+00
7.278195488721804551e+00
7.293233082706766623e+00
7.308270676691728696e+00
7.323308270676691656e+00
7.338345864661653728e+00
7.353383458646616688e+00
7.368421052631578760e+00
7.383458646616540832e+00
7.398496240601503793e+00
7.413533834586465865e+00
7.428571428571427937e+00
7.443609022556390897e+00
7.458646616541352969e+00
7.473684210526315042e+00
7.488721804511278002e+00
7.503759398496240074e+00
7.518796992481203034e+00
7.533834586466165106e+00
7.548872180451127178e+00
7.563909774436090139e+00
7.578947368421052211e+00
7.593984962406015171e+00
7.609022556390977243e+00
7.624060150375939315e+00
7.639097744360902276e+00
7.654135338345864348e+00
7.669172932330826420e+00
7.684210526315789380e+00
7.699248120300751452e+00
7.714285714285713524e+00
7.729323308270676485e+00
7.744360902255638557e+00
7.759398496240601517e+00
7.774436090225563589e+00
7.789473684210525661e+00
7.804511278195488622e+00
7.819548872180450694e+00
7.834586466165413654e+00
7.849624060150375726e+00
7.864661654135337798e+00
7.879699248120300759e+00
7.894736842105262831e+00
7.909774436090224903e+00
7.924812030075187863e+00
7.939849624060149935e+00
7.954887218045112007e+00
7.969924812030074968e+00
7.984962406015037040e+00
8.000000000000000000e+00
