1.000000000000000000e+00
1.022556390977443552e+00
1.045112781954887105e+00
1.067669172932330879e+00
1.090225563909774431e+00
1.112781954887217983e+00
1.135338345864661758e+00
1.157894736842105310e+00
1.180451127819548862e+00
1.203007518796992414e+00
1.225563909774435967e+00
1.248120300751879741e+00
1.270676691729323293e+00
1.293233082706766846e+00
1.315789473684210620e+00
1.338345864661654172e+00
1.360902255639097724e+00
1.383458646616541277e+00
1.406015037593984829e+00
1.428571428571428603e+00
1.451127819548872155e+00
1.473684210526315708e+00
1.496240601503759482e+00
1.518796992481203034e+00
1.541353383458646586e+00
1.563909774436090139e+00
1.586466165413533691e+00
1.609022556390977465e+00
1.631578947368421018e+00
1.654135338345864570e+00
1.676691729323308344e+00
1.699248120300751896e+00
1.721804511278195449e+00
1.744360902255639001e+00
1.766917293233082553e+00
1.789473684210526327e+00
1.812030075187969880e+00
1.834586466165413432e+00
1.857142857142857206e+00
1.879699248120300759e+00
1.902255639097744311e+00
1.924812030075187863e+00
1.947368421052631415e+00
1.969924812030075190e+00
1.992481203007518742e+00
2.015037593984962072e+00
2.037593984962406068e+00
2.060150375939849621e+00
2.082706766917293173e+00
2.105263157894736725e+00
2.127819548872180277e+00
2.150375939849624274e+00
2.172932330827067382e+00
2.195488721804511378e+00
2.218045112781954931e+00
2.240601503759398483e+00
2.263157894736842035e+00
2.285714285714285587e+00
2.308270676691729140e+00
2.330827067669172692e+00
2.353383458646616688e+00
2.375939849624059796e+00
2.398496240601503793e+00
2.421052631578947345e+00
2.443609022556390897e+00
2.466165413533834450e+00
2.488721804511278002e+00
2.511278195488721998e+00
2.533834586466165106e+00
2.556390977443609103e+00
2.578947368421052655e+00
2.601503759398496207e+00
2.624060150375939759e+00
2.646616541353383312e+00
2.669172932330826864e+00
2.691729323308270416e+00
2.714285714285714413e+00
2.736842105263157521e+00
2.759398496240601517e+00
2.781954887218045069e+00
2.804511278195488622e+00
2.827067669172932174e+00
2.849624060150375726e+00
2.872180451127819723e+00
2.894736842105262831e+00
2.917293233082706827e+00
2.939849624060150379e+00
2.962406015037593932e+00
2.984962406015037484e+00
3.007518796992481036e+00
3.030075187969924588e+00
3.052631578947368141e+00
3.075187969924812137e+00
3.097744360902255689e+00
3.120300751879699241e+00
3.142857142857142794e+00
3.165413533834586346e+00
3.187969924812029898e+00
3.210526315789473450e+00
3.233082706766917003e+00
3.255639097744360555e+00
3.278195488721804551e+00
3.300751879699248104e+00
3.323308270676691656e+00
3.345864661654135208e+00
3.368421052631578760e+00
3.390977443609022313e+00
3.413533834586465865e+00
3.436090225563909861e+00
3.458646616541353414e+00
3.481203007518796966e+00
3.503759398496240518e+00
3.526315789473684070e+00
3.548872180451127623e+00
3.571428571428571175e+00
3.593984962406014727e+00
3.616541353383458279e+00
3.639097744360902276e+00
3.661654135338345828e+00
3.684210526315789380e+00
3.706766917293232932e+00
3.729323308270676485e+00
3.751879699248120037e+00
3.774436090225563589e+00
3.796992481203007586e+00
3.819548872180451138e+00
3.842105263157894690e+00
3.864661654135338242e+00
3.887218045112781795e+00
3.909774436090225347e+00
3.932330827067668899e+00
3.954887218045112451e+00
3.977443609022556004e+00
4.000000000000000000e+00
4.022556390977443996e+00
4.045112781954887105e+00
4.067669172932330213e+00
4.090225563909774209e+00
4.112781954887218205e+00
4.135338345864661314e+00
4.157894736842105310e+00
4.180451127819548418e+00
4.203007518796992414e+00
4.225563909774436411e+00
4.248120300751879519e+00
4.270676691729322627e+00
4.293233082706766623e+00
4.315789473684210620e+00
4.338345864661653728e+00
4.360902255639097724e+00
4.383458646616540832e+00
4.406015037593984829e+00
4.428571428571428825e+00
4.451127819548871933e+00
4.473684210526315042e+00
4.496240601503759038e+00
4.518796992481203034e+00
4.541353383458647031e+00
4.563909774436090139e+00
4.586466165413533247e+00
4.609022556390977243e+00
4.631578947368421240e+00
4.654135338345864348e+00
4.676691729323307456e+00
4.699248120300751452e+00
4.721804511278195449e+00
4.744360902255639445e+00
4.766917293233082553e+00
4.789473684210525661e+00
4.812030075187969658e+00
4.834586466165413654e+00
4.857142857142856762e+00
4.879699248120300759e+00
4.902255639097743867e+00
4.924812030075187863e+00
4.947368421052631859e+00
4.969924812030074968e+00
4.992481203007518076e+00
5.015037593984962072e+00
5.037593984962406068e+00
5.060150375939849177e+00
5.082706766917293173e+00
5.105263157894736281e+00
5.127819548872180277e+00
5.150375939849624274e+00
5.172932330827067382e+00
5.195488721804511378e+00
5.218045112781954487e+00
5.240601503759398483e+00
5.263157894736841591e+00
5.285714285714285587e+00
5.308270676691728696e+00
5.330827067669172692e+00
5.353383458646616688e+00
5.375939849624059796e+00
5.398496240601503793e+00
5.421052631578946901e+00
5.443609022556390897e+00
5.466165413533834005e+00
5.488721804511278002e+00
5.511278195488721110e+00
5.533834586466165106e+00
5.556390977443609103e+00
5.578947368421052211e+00
5.601503759398496207e+00
5.624060150375939315e+00
5.646616541353383312e+00
5.669172932330826420e+00
5.691729323308270416e+00
5.714285714285714413e+00
5.736842105263157521e+00
5.759398496240601517e+00
5.781954887218044625e+00
5.804511278195488622e+00
5.827067669172931730e+00
5.849624060150375726e+00
5.872180451127819723e+00
5.894736842105262831e+00
5.917293233082706827e+00
5.939849624060149935e+00
5.962406015037593932e+00
5.984962406015037040e+00
6.007518796992481036e+00
6.030075187969924144e+00
6.052631578947368141e+00
6.075187969924812137e+00
6.097744360902255245e+00
6.120300751879699241e+00
6.142857142857142350e+00
6.165413533834586346e+00
6.187969924812029454e+00
6.210526315789473450e+00
6.233082706766916559e+00
6.255639097744360555e+00
6.278195488721804551e+00
6.300751879699247660e+00
6.323308270676691656e+00
6.345864661654134764e+00
6.368421052631578760e+00
6.390977443609021869e+00
6.413533834586465865e+00
6.436090225563909861e+00
6.458646616541352969e+00
6.481203007518796966e+00
6.503759398496240074e+00
6.526315789473684070e+00
6.548872180451127178e+00
6.571428571428571175e+00
6.593984962406015171e+00
6.616541353383458279e+00
6.639097744360902276e+00
6.661654135338345384e+00
6.684210526315789380e+00
6.706766917293232488e+00
6.729323308270676485e+00
6.751879699248119593e+00
6.774436090225563589e+00
6.796992481203007586e+00
6.819548872180450694e+00
6.842105263157894690e+00
6.864661654135337798e+00
6.887218045112781795e+00
6.909774436090224903e+00
6.932330827067668899e+00
6.954887218045112007e+00
6.977443609022556004e+00
7.000000000000000000e+00
7.022556390977443108e+00
7.045112781954887105e+00
7.067669172932330213e+00
7.090225563909774209e+00
7.112781954887217317e+00
7.135338345864661314e+00
7.157894736842105310e+00
7.180451127819548418e+00
7.203007518796992414e+00
7.225563909774435523e+00
7.248120300751879519e+00
7.270676691729322627e+00
7.293233082706766623e+00
7.315789473684210620e+00
7.338345864661653728e+00
7.360902255639097724e+00
7.383458646616540832e+00
7.406015037593984829e+00
7.428571428571427937e+00
7.451127819548871933e+00
7.473684210526315042e+00
7.496240601503759038e+00
7.518796992481203034e+00
7.541353383458646142e+00
7.563909774436090139e+00
7.586466165413533247e+00
7.609022556390977243e+00
7.631578947368420351e+00
7.654135338345864348e+00
7.676691729323307456e+00
7.699248120300751452e+00
7.721804511278195449e+00
7.744360902255638557e+00
7.766917293233082553e+00
7.789473684210525661e+00
7.812030075187969658e+00
7.834586466165412766e+00
7.857142857142856762e+00
7.879699248120300759e+00
7.902255639097743867e+00
7.924812030075187863e+00
7.947368421052630971e+00
7.969924812030074968e+00
7.992481203007518076e+00
8.015037593984962072e+00
8.037593984962406068e+00
8.060150375939848288e+00
8.082706766917294061e+00
8.105263157894736281e+00
8.127819548872180277e+00
8.150375939849624274e+00
8.172932330827066494e+00
8.195488721804510490e+00
8.218045112781954487e+00
8.240601503759398483e+00
8.263157894736842479e+00
8.285714285714284699e+00
8.308270676691728696e+00
8.330827067669172692e+00
8.353383458646614912e+00
8.375939849624060685e+00
8.398496240601502905e+00
8.421052631578946901e+00
8.443609022556390897e+00
8.466165413533833117e+00
8.488721804511278890e+00
8.511278195488721110e+00
8.533834586466165106e+00
8.556390977443609103e+00
8.578947368421051323e+00
8.601503759398497095e+00
8.624060150375939315e+00
8.646616541353383312e+00
8.669172932330827308e+00
8.691729323308269528e+00
8.714285714285713524e+00
8.736842105263157521e+00
8.759398496240601517e+00
8.781954887218045513e+00
8.804511278195487733e+00
8.827067669172931730e+00
8.849624060150375726e+00
8.872180451127817946e+00
8.894736842105263719e+00
8.917293233082705939e+00
8.939849624060149935e+00
8.962406015037593932e+00
8.984962406015036152e+00
9.007518796992480148e+00
9.030075187969924144e+00
9.052631578947368141e+00
9.075187969924812137e+00
9.097744360902254357e+00
9.120300751879698353e+00
9.142857142857142350e+00
9.165413533834586346e+00
9.187969924812030342e+00
9.210526315789472562e+00
9.233082706766916559e+00
9.255639097744360555e+00
9.278195488721804551e+00
9.300751879699248548e+00
9.323308270676690768e+00
9.345864661654134764e+00
9.368421052631578760e+00
9.390977443609022757e+00
9.413533834586464977e+00
9.436090225563908973e+00
9.458646616541352969e+00
9.481203007518796966e+00
9.503759398496240962e+00
9.526315789473683182e+00
9.548872180451127178e+00
9.571428571428571175e+00
9.593984962406015171e+00
9.616541353383457391e+00
9.639097744360901387e+00
9.661654135338345384e+00
9.684210526315789380e+00
9.706766917293233377e+00
9.729323308270675597e+00
9.751879699248119593e+00
9.774436090225563589e+00
9.796992481203007586e+00
9.819548872180449806e+00
9.842105263157893802e+00
9.864661654135337798e+00
9.887218045112781795e+00
9.909774436090225791e+00
9.932330827067668011e+00
9.954887218045112007e+00
9.977443609022556004e+00
1.000000000000000000e+01
